||TEMPLATE TO FOLLOW||
TYPE OF MODULE
CLASS OF THE MODULE
RATING OF THE MODULE
MASS IN TONS OF THE MODULE
FSD OPTIMAL MASS
MAX FUEL PER JUMP
BLANK SPACE

||FSD||
2
2
E
2.5
48.0
0.6

2
2
D
1.0
54.0
0.6

4
2
C
2.5
60
0.6

4
2
B
8.0
75.0
0.8

4
2
A
2.5
90.0
0.9

4
3
E
5.0
80.0
1.2

4
3
D
2.0
90
1.2

4
3
C
5.0
100
1.2

4
3
B
8.0
125.0
1.5

4
3
A
5.0
150
1.8

4
4
E
10.0
280
2.0

4
4
D
4.0
315.0
2.0

4
4
C
10.0
350.0
2.0

4
4
B
16.0
438.0
2.5

4
4
A
10.0
525
3.0

4
5
E
20.0
560.0
3.3

4
5
D
8.0
630.0
3.3

4
5
C
20.0
700.0
3.3

4
5
B
32.0
875.0
4.1

4
5
A
20.0
1050.0
5.0

4
6
E
40.0
960.0
5.3

4
6
D
16.0
1080.0
5.3

4
6
C
40.0
1200.0
5.3

4
6
B
64.0
1500.0
6.6

4
6
A
40.0
1800.0
8.0

4
7
E
80.0
1440.0
8.5

4
7
D
32.0
1620
8.5

4
7
C
80.0
1800.0
8.5

4
7
B
128.0
2250.0
10.6

4
7
A
80.0
2700.0
12.8